|INDV|	N_DATA|	N_GENOTYPES_FILTERED|	N_MISS|	F_MISS|
|S90|	23123|  0|	216	|    0.00934135|
|S80|	23123|	0|	1126|	0.0486961|
|S71|	23123|	0|	142	|    0.00614107|
|S65|	23123|	0|	100	|    0.0043247|
|S62|	23123|	0|	152	|    0.00657354|
|S87|	23123|	0|	339	|    0.0146607|
|S56|	23123|	0|	167	|    0.00722225|
|S52|	23123|	0|	126	|    0.00544912|
|S35|	23123|	0|	3049|	0.13186|
|S40|	23123|	0|	336	|    0.014531|
|S25|	23123|	0|	2204|	0.0953164|
|S19|	23123|	0|	252	|    0.0108982|
|S14|	23123|	0|	7001|	0.302772|
|S13|	23123|	0|	144	|    0.00622757|
|S12|	23123|	0|	57	 |   0.00246508|
|S89|	23123|	0|	71	 |   0.00307054|
|S22|	23123|	0|	333	|    0.0144012|
|S07|	23123|	0|	286	|    0.0123686|
|D24|	23123|	0|	2276|	0.0984301|
|D38|	23123|	0|	198	|    0.0085629|
|D87|	23123|	0|	72	 |   0.00311378|
|D18|	23123|	0|	66	 |   0.0028543|
|S75|	23123|	0|	133	|    0.00575185|
|D03|	23123|	0|	100	|    0.0043247|
|S21|	23123|	0|	7502|	0.324439|
|D08|	23123|	0|	559	|    0.0241751|
|D19|	23123|	0|	1427|	0.0617134|
|D13|	23123|	0|	34	 |   0.0014704|
|D29|	23123|	0|	51	 |   0.0022056|
|D56|	23123|	0|	129	|    0.00557886|
|D01|	23123|	0|	26	 |   0.00112442|
|D14|	23123|	0|	63	 |   0.00272456|
|S53|	23123|	0|	159	|    0.00687627|
|D70|	23123|	0|	1714|	0.0741253|
|D20|	23123|	0|	65	 |   0.00281105|
|D52|	23123|	0|	137	|    0.00592484|
|D58|	23123|	0|	35	 |   0.00151364|
|S03|	23123|	0|	0	  |  0|
|D68|	23123|	0|	43	 |   0.00185962|
|S86|	23123|	0|	2406|	0.104052|
|S20|	23123|	0|	2969|	0.1284|
|D60|	23123|	0|	27	 |   0.00116767|
|D64|	23123|	0|	211	|    0.00912511|
|D62|	23123|	0|	55	 |   0.00237858|
|D74|	23123|	0|	38	 |   0.00164339|
|D78|	23123|	0|	105	|    0.00454093|
|D80|	23123|	0|	199	|    0.00860615|